%YAML:1.0
---
homography: !!opencv-matrix
   rows: 3
   cols: 3
   dt: d
   data: [ 6.9317519523185023e-01, -2.5762125173109801e-01,
       1.4822501002371325e+01, 1.4062552229659372e-01,
       7.1651575518324639e-01, -1.5931469889786483e+01,
       -2.6870475048092993e-04, -2.3960862744936329e-04, 1. ]
